observatory_code= 703	delta=0.000936027
observatory_code= 703	delta=0.00107449
